13
HQ893808.1  0.0000000 0.8660393 1.7491102 2.2124297 0.6580451 1.8347434 1.8636844 2.3053951 0.7201137 1.6045988 0.3041858 1.8590165 1.8213731 
MK034892.1  0.8660393 0.0000000 1.0067965 1.3602043 1.2731596 0.9085711 1.3216305 1.8445610 1.4078201 1.3466787 1.3800169 1.5975807 1.0878464 
NC_030765.1 1.7491102 1.0067965 0.0000000 1.8078358 1.8682869 0.6666789 0.7326616 1.8205226 0.2254077 0.5630215 2.0021893 1.7016038 0.8864630 
EF678869.1  2.2124297 1.3602043 1.8078358 0.0000000 1.7469930 1.8389678 1.8545492 1.7296844 1.3697309 1.8095876 2.2463612 2.2809620 2.1129111 
OP353998.1  0.6580451 1.2731596 1.8682869 1.7469930 0.0000000 1.8602577 1.8072561 2.0394594 1.8918117 1.8285055 0.6692060 2.3545238 1.9326805 
MW619656.1  1.8347434 0.9085711 0.6666789 1.8389678 1.8602577 0.0000000 0.5777792 1.8355847 1.1166606 1.1470997 1.7671463 1.9577279 1.2231264 
NC_005944.1 1.8636844 1.3216305 0.7326616 1.8545492 1.8072561 0.5777792 0.0000000 1.8399788 1.5584628 1.1296250 1.8970948 1.9281462 1.2047767 
MW803105.1  2.3053951 1.8445610 1.8205226 1.7296844 2.0394594 1.8355847 1.8399788 0.0000000 1.7488796 2.1753640 2.3986855 2.4220321 2.1517598 
HQ893805.1  0.7201137 1.4078201 0.2254077 1.3697309 1.8918117 1.1166606 1.5584628 1.7488796 0.0000000 0.7873237 0.9855827 1.5111713 1.3559080 
AY691421.1  1.6045988 1.3466787 0.5630215 1.8095876 1.8285055 1.1470997 1.1296250 2.1753640 0.7873237 0.0000000 1.1408124 1.5698767 0.4451657 
HQ893809.1  0.3041858 1.3800169 2.0021893 2.2463612 0.6692060 1.7671463 1.8970948 2.3986855 0.9855827 1.1408124 0.0000000 1.8712661 1.7387800 
PP060471.1  1.8590165 1.5975807 1.7016038 2.2809620 2.3545238 1.9577279 1.9281462 2.4220321 1.5111713 1.5698767 1.8712661 0.0000000 1.5686808 
AY691419.1  1.8213731 1.0878464 0.8864630 2.1129111 1.9326805 1.2231264 1.2047767 2.1517598 1.3559080 0.4451657 1.7387800 1.5686808 0.0000000 
