17
Dickeya_dadantii_XJ12_GCF_030168535.1             0.0000000 0.3580608 0.4581252 0.5480896 0.4279327 0.1674838 0.2626607 0.2631692 0.2504475 0.2692079 0.2548986 0.6473795 0.2747365 0.3877424 0.2758765 0.2643694 0.2200448 
Doolittlea_endobia_DEMHIR_GCF_900039485.1         0.3580608 0.0000000 0.3515481 0.4993996 0.3662766 0.3555480 0.1841716 0.1735703 0.3061965 0.2021980 0.1896401 0.5584972 0.2359748 0.3441270 0.1972585 0.2312685 0.1775594 
Gullanella_endobia_GEFVIR_GCF_900048035.1         0.4581252 0.3515481 0.0000000 0.5248135 0.4432491 0.4641968 0.2899526 0.2795682 0.4213327 0.3214245 0.3057783 0.5817733 0.3331895 0.4278706 0.3054701 0.3230340 0.2966263 
Mikella_endobia_mEPMAR_GCF_900048045.1            0.5480896 0.4993996 0.5248135 0.0000000 0.5461747 0.5427583 0.4368061 0.4242101 0.5324243 0.4443831 0.4214474 0.6597536 0.4625816 0.5355163 0.4469237 0.4437210 0.4056132 
Moranella_endobia_GCF_000364725.1                 0.4279327 0.3662766 0.4432491 0.5461747 0.0000000 0.4303035 0.2763120 0.2728330 0.3847989 0.2750516 0.2538105 0.6278905 0.2910071 0.4162467 0.2992029 0.2900053 0.2436770 
Pectobacterium_cacticida_CFBP3628_GCF_036885195.1 0.1674838 0.3555480 0.4641968 0.5427583 0.4303035 0.0000000 0.2690914 0.2658142 0.2524203 0.2719576 0.2588827 0.6443746 0.2780980 0.3897235 0.2762727 0.2695999 0.2260440 
Sodalis_endolongispinus_SOD1_GCF_018777395.1      0.2626607 0.1841716 0.2899526 0.4368061 0.2763120 0.2690914 0.0000000 0.0431488 0.2056291 0.0619217 0.0551096 0.5080400 0.1088234 0.2408479 0.0638867 0.1061988 0.0507539 
Sodalis_glossinidius_morsitans_GCF_000010085.1    0.2631692 0.1735703 0.2795682 0.4242101 0.2728330 0.2658142 0.0431488 0.0000000 0.2068400 0.0601095 0.0529655 0.4977402 0.1058851 0.2415899 0.0520583 0.1005631 0.0497288 
Sodalis_ligni_dw23_GCF_016865525.2                0.2504475 0.3061965 0.4213327 0.5324243 0.3847989 0.2524203 0.2056291 0.2068400 0.0000000 0.2103544 0.2000939 0.5992293 0.2283991 0.3459488 0.2225324 0.2263802 0.1739024 
Sodalis_pierantonius_SOPE_GCF_000517405.1         0.2692079 0.2021980 0.3214245 0.4443831 0.2750516 0.2719576 0.0619217 0.0601095 0.2103544 0.0000000 0.0168407 0.5405506 0.0800174 0.2294231 0.0799189 0.0844171 0.0185540 
Sodalis_praecaptivus_HS1_GCF_000517425.1          0.2548986 0.1896401 0.3057783 0.4214474 0.2538105 0.2588827 0.0551096 0.0529655 0.2000939 0.0168407 0.0000000 0.5093864 0.0701197 0.2253674 0.0725552 0.0742654 0.0105166 
Sodalis_sp_CWE_GCF_019646055.1                    0.6473795 0.5584972 0.5817733 0.6597536 0.6278905 0.6443746 0.5080400 0.4977402 0.5992293 0.5405506 0.5093864 0.0000000 0.5390994 0.6022069 0.5254130 0.5283017 0.4889325 
Sodalis_sp_EtF2_GCA_036327475.1                   0.2747365 0.2359748 0.3331895 0.4625816 0.2910071 0.2780980 0.1088234 0.1058851 0.2283991 0.0800174 0.0701197 0.5390994 0.0000000 0.2654923 0.1292406 0.1361451 0.0715999 
Sodalis_sp_HBA_GCF_900161835.1                    0.3877424 0.3441270 0.4278706 0.5355163 0.4162467 0.3897235 0.2408479 0.2415899 0.3459488 0.2294231 0.2253674 0.6022069 0.2654923 0.0000000 0.2685955 0.2608599 0.2095242 
Sodalis_sp_PSPU_GCA_000647915.1                   0.2758765 0.1972585 0.3054701 0.4469237 0.2992029 0.2762727 0.0638867 0.0520583 0.2225324 0.0799189 0.0725552 0.5254130 0.1292406 0.2685955 0.0000000 0.1218036 0.0683377 
Sodalis_sp_SPI-1_GCF_001602625.1                  0.2643694 0.2312685 0.3230340 0.4437210 0.2900053 0.2695999 0.1061988 0.1005631 0.2263802 0.0844171 0.0742654 0.5283017 0.1361451 0.2608599 0.1218036 0.0000000 0.0764364 
Sodalis_sp_TME1_GCA_001879235.1                   0.2200448 0.1775594 0.2966263 0.4056132 0.2436770 0.2260440 0.0507539 0.0497288 0.1739024 0.0185540 0.0105166 0.4889325 0.0715999 0.2095242 0.0683377 0.0764364 0.0000000 
