17
Dickeya_dadantii_XJ12_GCF_030168535.1             0.0000000 0.3577461 0.4484584 0.5474023 0.4259009 0.1564595 0.2449991 0.2475600 0.2322224 0.2507674 0.2361184 0.6456802 0.2742107 0.3845274 0.2752823 0.2625362 0.2008201 
Doolittlea_endobia_DEMHIR_GCF_900039485.1         0.3577461 0.0000000 0.3517133 0.4995796 0.3666218 0.3560075 0.1842082 0.1718469 0.3059996 0.2022005 0.1896612 0.5580681 0.2359399 0.3438797 0.1972641 0.2291338 0.1776054 
Gullanella_endobia_GEFVIR_GCF_900048035.1         0.4484584 0.3517133 0.0000000 0.5245056 0.4428223 0.4550675 0.2898994 0.2795394 0.4143234 0.3163378 0.3005808 0.5796769 0.3320549 0.4274539 0.3052610 0.3220621 0.2908705 
Mikella_endobia_mEPMAR_GCF_900048045.1            0.5474023 0.4995796 0.5245056 0.0000000 0.5457817 0.5432449 0.4363395 0.4238010 0.5315193 0.4436673 0.4210114 0.6599835 0.4620138 0.5345615 0.4462131 0.4432228 0.4052486 
Moranella_endobia_GCF_000364725.1                 0.4259009 0.3666218 0.4428223 0.5457817 0.0000000 0.4297691 0.2757544 0.2722592 0.3836212 0.2747787 0.2533756 0.6269056 0.2908300 0.4150569 0.2989858 0.2898366 0.2435799 
Pectobacterium_cacticida_CFBP3628_GCF_036885195.1 0.1564595 0.3560075 0.4550675 0.5432449 0.4297691 0.0000000 0.2506502 0.2510602 0.2340919 0.2532362 0.2401786 0.6437279 0.2779661 0.3858200 0.2738021 0.2658271 0.2068791 
Sodalis_endolongispinus_SOD1_GCF_018777395.1      0.2449991 0.1842082 0.2898994 0.4363395 0.2757544 0.2506502 0.0000000 0.0400827 0.1915728 0.0581250 0.0504736 0.5071612 0.1076967 0.2396929 0.0632552 0.1040489 0.0475007 
Sodalis_glossinidius_morsitans_GCF_000010085.1    0.2475600 0.1718469 0.2795394 0.4238010 0.2722592 0.2510602 0.0400827 0.0000000 0.1963963 0.0561582 0.0480432 0.4968398 0.1057198 0.2383763 0.0514250 0.0973903 0.0459441 
Sodalis_ligni_dw23_GCF_016865525.2                0.2322224 0.3059996 0.4143234 0.5315193 0.3836212 0.2340919 0.1915728 0.1963963 0.0000000 0.1980490 0.1879173 0.5974517 0.2273800 0.3429340 0.2217880 0.2254042 0.1604615 
Sodalis_pierantonius_SOPE_GCF_000517405.1         0.2507674 0.2022005 0.3163378 0.4436673 0.2747787 0.2532362 0.0581250 0.0561582 0.1980490 0.0000000 0.0151188 0.5395988 0.0794845 0.2269283 0.0794920 0.0828652 0.0176080 
Sodalis_praecaptivus_HS1_GCF_000517425.1          0.2361184 0.1896612 0.3005808 0.4210114 0.2533756 0.2401786 0.0504736 0.0480432 0.1879173 0.0151188 0.0000000 0.5087699 0.0696033 0.2231968 0.0705611 0.0725828 0.0098113 
Sodalis_sp_CWE_GCF_019646055.1                    0.6456802 0.5580681 0.5796769 0.6599835 0.6269056 0.6437279 0.5071612 0.4968398 0.5974517 0.5395988 0.5087699 0.0000000 0.5372347 0.6008923 0.5244828 0.5246642 0.4882180 
Sodalis_sp_EtF2_GCA_036327475.1                   0.2742107 0.2359399 0.3320549 0.4620138 0.2908300 0.2779661 0.1076967 0.1057198 0.2273800 0.0794845 0.0696033 0.5372347 0.0000000 0.2653574 0.1292396 0.1340170 0.0711390 
Sodalis_sp_HBA_GCF_900161835.1                    0.3845274 0.3438797 0.4274539 0.5345615 0.4150569 0.3858200 0.2396929 0.2383763 0.3429340 0.2269283 0.2231968 0.6008923 0.2653574 0.0000000 0.2683654 0.2591055 0.2095113 
Sodalis_sp_PSPU_GCA_000647915.1                   0.2752823 0.1972641 0.3052610 0.4462131 0.2989858 0.2738021 0.0632552 0.0514250 0.2217880 0.0794920 0.0705611 0.5244828 0.1292396 0.2683654 0.0000000 0.1195847 0.0671718 
Sodalis_sp_SPI-1_GCF_001602625.1                  0.2625362 0.2291338 0.3220621 0.4432228 0.2898366 0.2658271 0.1040489 0.0973903 0.2254042 0.0828652 0.0725828 0.5246642 0.1340170 0.2591055 0.1195847 0.0000000 0.0746593 
Sodalis_sp_TME1_GCA_001879235.1                   0.2008201 0.1776054 0.2908705 0.4052486 0.2435799 0.2068791 0.0475007 0.0459441 0.1604615 0.0176080 0.0098113 0.4882180 0.0711390 0.2095113 0.0671718 0.0746593 0.0000000 
