17
Dickeya_dadantii_XJ12_GCF_030168535.1             0.0000000 0.3967995 0.5009272 0.6163794 0.4740545 0.1690705 0.2729247 0.2764244 0.2578327 0.2800321 0.2639065 0.7340356 0.3023605 0.4259734 0.3060428 0.2897643 0.2214236 
Doolittlea_endobia_DEMHIR_GCF_900039485.1         0.3967995 0.0000000 0.3752812 0.5478833 0.3920380 0.3952073 0.1900515 0.1766210 0.3344885 0.2098863 0.1967029 0.6175654 0.2460056 0.3660257 0.2034000 0.2393057 0.1842753 
Gullanella_endobia_GEFVIR_GCF_900048035.1         0.5009272 0.3752812 0.0000000 0.5741170 0.4782471 0.5084347 0.3064159 0.2945392 0.4558562 0.3358777 0.3197579 0.6383849 0.3543431 0.4596484 0.3221543 0.3425193 0.3085987 
Mikella_endobia_mEPMAR_GCF_900048045.1            0.6163794 0.5478833 0.5741170 0.0000000 0.6006276 0.6108738 0.4771735 0.4629845 0.5943362 0.4858705 0.4616280 0.7328257 0.5074440 0.5889578 0.4873484 0.4845360 0.4433805 
Moranella_endobia_GCF_000364725.1                 0.4740545 0.3920380 0.4782471 0.6006276 0.0000000 0.4777844 0.2915114 0.2872586 0.4212193 0.2894327 0.2668861 0.6965538 0.3079418 0.4456057 0.3165913 0.3065331 0.2560999 
Pectobacterium_cacticida_CFBP3628_GCF_036885195.1 0.1690705 0.3952073 0.5084347 0.6108738 0.4777844 0.0000000 0.2787127 0.2800007 0.2611899 0.2819736 0.2677580 0.7303662 0.3057433 0.4271236 0.3044187 0.2931477 0.2280902 
Sodalis_endolongispinus_SOD1_GCF_018777395.1      0.2729247 0.1900515 0.3064159 0.4771735 0.2915114 0.2787127 0.0000000 0.0402833 0.2099269 0.0589873 0.0512268 0.5599735 0.1102610 0.2511484 0.0635854 0.1065205 0.0483614 
Sodalis_glossinidius_morsitans_GCF_000010085.1    0.2764244 0.1766210 0.2945392 0.4629845 0.2872586 0.2800007 0.0402833 0.0000000 0.2149752 0.0568155 0.0485644 0.5490533 0.1080938 0.2496269 0.0514692 0.0991473 0.0465910 
Sodalis_ligni_dw23_GCF_016865525.2                0.2578327 0.3344885 0.4558562 0.5943362 0.4212193 0.2611899 0.2099269 0.2149752 0.0000000 0.2166854 0.2060601 0.6738568 0.2466050 0.3743837 0.2421000 0.2450187 0.1742766 
Sodalis_pierantonius_SOPE_GCF_000517405.1         0.2800321 0.2098863 0.3358777 0.4858705 0.2894327 0.2819736 0.0589873 0.0568155 0.2166854 0.0000000 0.0150369 0.5984779 0.0804378 0.2365899 0.0806116 0.0838626 0.0175447 
Sodalis_praecaptivus_HS1_GCF_000517425.1          0.2639065 0.1967029 0.3197579 0.4616280 0.2668861 0.2677580 0.0512268 0.0485644 0.2060601 0.0150369 0.0000000 0.5652545 0.0704102 0.2328708 0.0715195 0.0736685 0.0098003 
Sodalis_sp_CWE_GCF_019646055.1                    0.7340356 0.6175654 0.6383849 0.7328257 0.6965538 0.7303662 0.5599735 0.5490533 0.6738568 0.5984779 0.5652545 0.0000000 0.5950254 0.6638852 0.5808719 0.5790622 0.5404912 
Sodalis_sp_EtF2_GCA_036327475.1                   0.3023605 0.2460056 0.3543431 0.5074440 0.3079418 0.3057433 0.1102610 0.1080938 0.2466050 0.0804378 0.0704102 0.5950254 0.0000000 0.2779814 0.1325374 0.1376713 0.0722432 
Sodalis_sp_HBA_GCF_900161835.1                    0.4259734 0.3660257 0.4596484 0.5889578 0.4456057 0.4271236 0.2511484 0.2496269 0.3743837 0.2365899 0.2328708 0.6638852 0.2779814 0.0000000 0.2815361 0.2706765 0.2181893 
Sodalis_sp_PSPU_GCA_000647915.1                   0.3060428 0.2034000 0.3221543 0.4873484 0.3165913 0.3044187 0.0635854 0.0514692 0.2421000 0.0806116 0.0715195 0.5808719 0.1325374 0.2815361 0.0000000 0.1220564 0.0681944 
Sodalis_sp_SPI-1_GCF_001602625.1                  0.2897643 0.2393057 0.3425193 0.4845360 0.3065331 0.2931477 0.1065205 0.0991473 0.2450187 0.0838626 0.0736685 0.5790622 0.1376713 0.2706765 0.1220564 0.0000000 0.0757653 
Sodalis_sp_TME1_GCA_001879235.1                   0.2214236 0.1842753 0.3085987 0.4433805 0.2560999 0.2280902 0.0483614 0.0465910 0.1742766 0.0175447 0.0098003 0.5404912 0.0722432 0.2181893 0.0681944 0.0757653 0.0000000 
